00000000000000000000000000000000000000000000000000000000000000000
15555555555555555555555555555555555555555555555555555555555555552
60000000000000000000000000000000000000000000000000000000000000006
67777770770077077777700077777077777707777770770077077777707777706
67777770770077077000000770000077000007700000770077077000007700776
60077000770077077000000770000077000007700000770770077000007700776
60077000777777077777700077770077777707777770777700077777707777706
60077000770077077000000000077077000007700000770770077000007777006
60077000770077077000000000077077000007700000770077077000007707706
60077000770077077777700777770077777707777770770077077777707700776
60000000000000000000000000000000000000000000000000000000000000006
35555555555555555555555555555555555555555555555555555555555555554
00000000000000000000000000000000000000000000000000000000000000000
00000000000000000000000000000000000000000000000000000000000000000
00000000000000000000000000000000000000000000000000000000000000000
00000000000000000000000000000000000000000000000000000000000000000
00000000000000000000000000000000000000000000000000000000000000000
00000000000000000000000000000000000000000000000000000000000000000
00000000000000000000000000000000000000000000000000000000000000000
00000000000000000000000000000000000000000000000000000000000000000
00000000000000000000000000000000000000000000000000000000000000000
00000000000000000000000000000000000000000000000000000000000000000
00000000000000000000000015555555555555552000000000000000000000000
00000000000000000000000060000000000000006000000000000000000000000
00000000000000000000000060000000000000006000000000000000000000000
00000000000000000000000060000000000000006000000000000000000000000
00000000000000000000000060000000000000006000000000000000000000000
00000000000000000000000060000000000000006000000000000000000000000
00000000000000000000000060000000000000006000000000000000000000000
00000000000000000000000060000000000000006000000000000000000000000
00000000000000000000000060000000000000006000000000000000000000000
00000000000000000000000060000000000000006000000000000000000000000
00000000000000000000000035555555555555554000000000000000000000000
00000000000000000000000000000000000000000000000000000000000000000
00000000000000000000000000000000000000000000000000000000000000000
00000000000000000000000000000000000000000000000000000000000000000
00000000000000000000000000000000000000000000000000000000000000000
00000000000000000000000000000000000000000000000000000000000000000
00000000000000000000000000000000000000000000000000000000000000000
00000000000000000000000000000000000000000000000000000000000000000
00000000000000000000000000000000000000000000000000000000000000000
