11111111111111111111111111111111111111111111111111
10000000000000000000000000000000000000000000000001
10000000000000000000000000000000000000000000000001
10000000000000000000000000000000000000000000000001
10000000000000000000000000000000000000000000000001
10000000000000000000000000000000000000000000000001
10000000000000000000000000000000000000000000000001
10000000000000000000000000000000000000000000000001
10000000000000000000000000000000000000000000000001
10000000000000000000000000000000000000000000000001
10000000000000000000000000000000000000000000000001
10000000000000000000000000000000000000000000000001
10000011110000000011000000011000110000111111000001
10000110011000000111100000011101110000110000000001
10000110000000001100110000011111110000110000000001
10000110111000001111110000011010110000111100000001
10000110011000001100110000011000110000110000000001
10000110011000001100110000011000110000110000000001
10000011110000001100110000011000110000111111000001
10000000000000000000000000000000000000000000000001
10000000000000000000000000000000000000000000000001
10000000000000000000000000000000000000000000000001
10000011110000001100110000011111100000111110000001
10000110011000001100110000011000000000110011000001
10000110011000001100110000011000000000110011000001
10000110011000001100110000011110000000111110000001
10000110011000001100110000011000000000111100000001
10000110011000000111100000011000000000110110000001
10000011110000000011000000011111100000110011000001
10000000000000000000000000000000000000000000000001
10000000000000000000000000000000000000000000000001
10000000000000000000000000000000000000000000000001
10000000000000000000000000000000000000000000000001
10000000000000000000000000000000000000000000000001
10000000000000000000000000000000000000000000000001
10000000000000000000000000000000000000000000000001
10000000000000000000000000000000000000000000000001
10000000000000000000000000000000000000000000000001
10000000000000000000000000000000000000000000000001
10000000000000000000000000000000000000000000000001
11111111111111111111111111111111111111111111111111